81,5
81,4
81,3
81,2
81,1
81,0
80,4
80,3
80,2
80,1
80,0
79,3
79,2
79,1
79,0
78,3
78,2
0,521
78,1
78,0
0,520
0,519
77,5
0,518
77,4
0,517
77,3
77,2
77,1
77,0
0,516
76,4
0,515
76,3
76,2
0,514
76,1
76,0
75,3
75,2
75,1
75,0
0,513
0,512
0,511
0,510
0,509
74,5
74,4
74,3
74,2
74,1
74,0
73,4
73,3
73,2
73,1
73,0
72,3
72,2
72,1
72,0
71,3
71,2
71,1
71,0
70,5
70,4
70,3
70,2
70,1
70,0
69,4
69,3
69,2
69,1
69,0
0,508
0,507
0,506
0,505
0,504
68,4
68,3
68,2
68,1
68,0
0,503
0,502
0,501
0,500
0,499
0,498
67,5
67,4
67,3
67,2
67,1
67,0
0,497
0,496
0,495
0,494
0,493
0,492
66,4
66,3
66,2
0,491
66,1
66,0
65,3
65,2
65,1
65,0
64,3
64,2
64,1
64,0
63,5
0,490
63,4
63,3
63,2
63,1
63,0
62,4
62,3
62,2
62,1
62,0
61,3
61,2
61,1
61,0
0,489
0,488
0,487
0,486
0,485
60,4
60,3
60,2
0,484
60,1
60,0
0,483
0,482
0,481
0,480
0,479
0,478
0,477
0,476
0,475
59,5
59,4
59,3
59,2
0,474
59,1
59,0
0,473
